(1567174,1600115) = 32942   2
(6848320,6854640) = 6321   8
(13448947,13453840) = 4894   4
(20401571,20425581) = 24011   6
(24864648,24866852) = 2205   3
(28471322,28497768) = 26447   0
(34967113,35071958) = 104846   3
(40849651,40868413) = 18763   7
(43504681,43898914) = 394234   7
(50622277,50629431) = 7155   7



[[1567174, 1600115, 32942, 2],
 [6848320, 6854640, 6321, 8],
 [13448947, 13453840, 4894, 4],
 [20401571, 20425581, 24011, 6],
 [24864648, 24866852, 2205, 3],
 [28471322, 28497768, 26447, 0],
 [34967113, 35071958, 104846, 3],
 [40849651, 40868413, 18763, 7],
 [43504681, 43898914, 394234, 7],
 [50622277, 50629431, 7155, 7]]
