(1305993,1325268) = 19276   5
(7015254,7064927) = 49674   0
(14865398,15210403) = 345006   0
(17446727,17810838) = 364112   3
(25147895,25311987) = 164093   5
(28259297,28261162) = 1866   8
(33349346,33357843) = 8498   3
(36465905,36571234) = 105330   6
(45429807,45462827) = 33021   8
(48050162,48052547) = 2386   7



[[1305993, 1325268, 19276, 5],
 [7015254, 7064927, 49674, 0],
 [14865398, 15210403, 345006, 0],
 [17446727, 17810838, 364112, 3],
 [25147895, 25311987, 164093, 5],
 [28259297, 28261162, 1866, 8],
 [33349346, 33357843, 8498, 3],
 [36465905, 36571234, 105330, 6],
 [45429807, 45462827, 33021, 8],
 [48050162, 48052547, 2386, 7]]
