(643169,644858) = 1690   2
(8039367,8047932) = 8566   3
(13480846,13512879) = 32034   8
(18704644,18881398) = 176755   7
(23607182,23613596) = 6415   4
(28465981,28599394) = 133414   6
(30804149,30979616) = 175468   6
(35940180,36199656) = 259477   4
(44149293,44465270) = 315978   4
(46379887,46674734) = 294848   3



[[643169, 644858, 1690, 2],
 [8039367, 8047932, 8566, 3],
 [13480846, 13512879, 32034, 8],
 [18704644, 18881398, 176755, 7],
 [23607182, 23613596, 6415, 4],
 [28465981, 28599394, 133414, 6],
 [30804149, 30979616, 175468, 6],
 [35940180, 36199656, 259477, 4],
 [44149293, 44465270, 315978, 4],
 [46379887, 46674734, 294848, 3]]
