(4546217,4712431) = 166215   8
(4712432,4713331) = 900   8
(9423992,9461650) = 37659   6
(13230409,13395982) = 165574   5
(16742495,16774178) = 31684   2
(21248357,21381356) = 133000   8
(27880363,28164341) = 283979   3
(31151252,31361623) = 210372   7
(39891284,39896951) = 5668   8
(43904663,43911760) = 7098   7
(47552110,47662433) = 110324   6


[[4546217, 4712431, 166215, 8],
 [4712432, 4713331, 900, 8],
 [9423992, 9461650, 37659, 6],
 [13230409, 13395982, 165574, 5],
 [16742495, 16774178, 31684, 2],
 [21248357, 21381356, 133000, 8],
 [27880363, 28164341, 283979, 3],
 [31151252, 31361623, 210372, 7],
 [39891284, 39896951, 5668, 8],
 [43904663, 43911760, 7098, 7],
 [47552110, 47662433, 110324, 6]]
