(2926194,2962990) = 36797   7
(6654980,6661870) = 6891   5
(15242588,15246371) = 3784   7
(19258605,19268298) = 9694   8
(24196234,24241007) = 44774   6
(28979056,28986107) = 7052   3
(31875212,32247898) = 372687   2
(37687668,37697261) = 9594   3
(45795786,45802094) = 6309   3
(46672709,46887938) = 215230   2


[[2926194, 2962990, 36797, 7],
 [6654980, 6661870, 6891, 5],
 [15242588, 15246371, 3784, 7],
 [19258605, 19268298, 9694, 8],
 [24196234, 24241007, 44774, 6],
 [28979056, 28986107, 7052, 3],
 [31875212, 32247898, 372687, 2],
 [37687668, 37697261, 9594, 3],
 [45795786, 45802094, 6309, 3],
 [46672709, 46887938, 215230, 2]]
