filename = "test_with_del_400_1_formated.fa"

duplication	chr22:18650001-18880000	230000	4.2821	4.518656e-05	3.023060e+01	4.518656e-05	3.023060e+01	0.0002	0.0000	1629600
duplication	chr22:21460001-21680000	220000	1.7736	4.903345e-05	0.000000e+00	4.903345e-05	0.000000e+00	0.0005	0.0000	850700
duplication	chr22:28460001-28600000	140000	5.6981	1.022443e-07	0.000000e+00	1.022443e-07	0.000000e+00	0.0000	0.0000	7850700
duplication	chr22:30800001-30980000	180000	5.9066	0.000000e+00	0.000000e+00	0.000000e+00	0.000000e+00	0.0000	0.0000	10190700
duplication	chr22:35940001-36200000	260000	3.9645	0.000000e+00	0.000000e+00	0.000000e+00	0.000000e+00	0.0000	0.0000	14164900
duplication	chr22:44150001-44470000	320000	3.9391	0.000000e+00	0.000000e+00	0.000000e+00	0.000000e+00	0.0001	0.0000	5894900
duplication	chr22:46380001-46680000	300000	2.9630	0.000000e+00	0.000000e+00	0.000000e+00	0.000000e+00	0.0001	0.0000	3684900


filename = "test_with_del_400_2_formated.fa"
No result

filename = "test_with_del_400_3_formated.fa"
No result

